397559
323760
96633
252571
462656
200552
145487
13529
38528
126961
413975
28758
371476
340799
381342
219776
275961
333996
249011
322803
75891
449205
97839
321922
15638
437909
246616
248582
174662
93001
84226
72220
416762
180859
345439
400064
381411
11572
413593
440587
138533
348215
469345
30656
189013
371334
271079
485621
225976
20089
308423
322514
489941
426909
144435
26225
385465
391051
274808
60126
4699
359034
152993
421461
60540
19078
321524
441951
30651
255764
382537
189831
103978
372529
241134
292991
264509
12213
278611
11131
32302
107680
333645
42890
55235
478081
69115
440700
389778
343923
825
394477
223604
153819
336584
284144
172897
178755
246741
224195
434519
149925
414027
59143
43100
175807
352134
307609
188020
151391
339387
240970
279718
173031
283860
334953
171758
352975
275653
82183
217545
297125
497307
461796
471591
333891
266586
144488
12645
13326
389330
447164
183898
303356
6306
226998
479164
379087
55253
187830
51124
394640
428800
330842
88318
233306
186441
280723
106928
482741
362906
345120
279866
360213
327562
251456
214750
94147
416591
227395
128120
305921
195205
332666
129923
201511
59663
129733
101244
135564
317564
152368
50850
267010
3856
159815
20963
210944
440539
127891
193685
324091
493658
494198
204950
321219
245653
419700
436013
182891
147094
84779
488812
342299
417445
118734
64456
497756
269115
186347
133319
86678
359362
204816
374335
363218
364632
395298
94809
325817
43835
288494
149907
37492
282691
375505
379358
48990
295204
315370
231881
462946
400150
241339
305244
317594
360074
390348
315349
129188
97341
469315
236513
456704
194778
131494
340568
80056
26792
435377
405873
91274
244517
76426
128767
27207
451931
28771
96845
267782
344142
328726
230727
264938
90712
56617
82531
471433
467612
418528
100620
64953
408489
357780
21656
103266
489274
362224
183322
36712
318248
109841
127987
62764
186268
277401
110619
158845
306172
207464
426627
170960
56836
157353
435898
147548
213971
39076
118980
181582
457604
240247
267182
386739
118673
288838
10652
128594
171709
193974
165306
489957
324463
313940
52720
10730
91340
163339
190222
418160
391450
116849
89119
448287
294849
25017
116481
8819
84740
235462
211049
42343
496356
498878
449729
115029
287716
460381
243623
459425
175002
408929
470028
499465
243516
43394
30841
334856
227381
221063
273662
118830
337912
362782
87763
132761
408446
204245
162227
493186
439707
393923
56175
436062
413448
5903
71737
201163
486932
315360
181234
182580
244936
171908
202691
488452
215302
233532
343954
442683
475242
117616
61513
333801
1044
149276
487209
409490
353521
170082
423322
313874
84652
479497
270583
498100
6046
342320
199262
13624
178327
401143
196204
443910
73050
398895
432361
308999
132426
296961
251682
128315
435224
333842
462116
436268
3764
449324
366404
377933
119405
289725
191806
204057
289868
483036
202156
295915
346003
422065
309539
44976
343854
5743
488886
437551
425285
441893
246550
78358
238853
498232
206673
194724
352720
168788
130991
356484
138758
18042
234416
258163
307767
446870
482868
97635
429905
205670
393550
296554
148382
223735
341530
492236
250125
330415
450434
175410
292954
196983
253768
31807
215861
460441
226531
68580
149875
378169
445711
288633
396211
180127
67442
224625
126996
70956
322260
77547
276627
236456
374102
445656
460191
236278
437891
230963
66693
408971
406373
359647
105953
160140
412101
342461
141227
159278
411041
291102
58094
356752
100381
454305
57525
167823
199576
205168
238780
21835
303362
36053
278938
198110
481709
259776
434389
440246
490739
21728
349217
397111
402022
455170
77897
334770
318278
219124
494048
229318
10225
72788
106716
110606
27093
184888
299076
226669
390056
37855
269152
214065
94555
48089
412175
76263
328512
346563
16509
319250
368291
386373
216360
270313
362189
294257
105082
180466
13380
119776
430432
44252
192565
37147
175505
240305
242683
495229
487621
153385
33083
277419
367450
148286
346156
279625
224549
174667
146834
261705
493918
15125
148077
230924
306085
10266
25181
431814
190732
59208
72236
121163
124108
285448
178958
320260
25752
421641
315488
34020
95672
369219
311439
463123
17504
157594
263394
242053
332262
410228
24405
346826
446000
172482
77749
272731
182748
102930
225191
394128
182786
318075
15290
327541
103522
214895
147800
149922
136535
463289
183942
252855
332507
16027
215977
350011
194269
479371
112710
47177
410245
137115
394003
356245
330245
471752
149622
12992
95329
374814
427767
298762
192888
463705
126302
317057
178599
274102
466979
335782
258037
171567
88636
90543
187595
304613
461201
402511
304630
73911
449688
235521
231673
364337
112412
61917
356735
262035
95557
472711
157495
23323
271472
371030
487028
418421
188086
165627
213170
155065
1408
471207
347279
110691
82397
55520
435951
64244
458031
261227
138155
428365
496748
390476
313348
109160
452393
170083
391842
68596
142793
49336
91920
434913
441013
78947
373980
129098
265221
87149
304810
287276
79003
152089
397967
182047
207609
354564
246291
165640
115790
405094
114651
112538
295569
428000
242345
268608
98082
154833
337205
261522
204169
429125
217081
145181
28718
91061
294926
314587
198857
99736
122509
277860
251825
41123
459907
480081
395687
206198
166367
11477
111291
281019
144662
427507
229665
407654
196114
327747
62486
33318
109915
287302
483090
326997
453130
11808
438705
248055
347042
137561
347791
469551
415422
120262
10673
395975
100343
406361
122819
266710
438485
234110
68375
83146
182263
298040
11446
378378
146433
73932
411696
276996
361234
415433
124639
314363
447888
63343
83064
294929
200904
451503
264479
136972
92411
295800
32947
192754
202160
155766
480112
161291
410524
69133
265084
92786
367174
276530
491811
34253
350462
424154
311249
232342
339586
435888
67351
287473
499231
150415
82401
220782
101917
367527
357754
194329
163326
411348
407730
386133
67114
408488
47423
498285
477622
312507
111717
365442
89036
103528
399695
460145
27681
231591
192486
387914
167478
259837
175386
187356
410253
278434
428785
32816
145960
286538
247792
309287
197886
155522
195419
285647
84656
263490
283931
62277
75996
416295
448366
185680
19822
348061
145824
68150
100298
338311
456064
288423
118794
131449
496426
49693
409883
425210
82510
76490
211748
330302
385777
430281
6470
101842
215927
91127
365332
20504
174051
461976
436799
122417
168302
456622
491125
314126
45418
91422
173083
1482
400492
291878
153578
396918
341571
63461
322127
444728
160598
33874
295677
46374
464155
302147
168863
200728
413921
54842
221232
108619
16817
158031
231036
205766
135299
242807
19891
180717
334229
213622
182199
255367
5499
335778
152284
367717
419886
474412
333092
80483
28932
128768
147504
493088
451562
316367
214462
365483
391856
435695
474102
429320
93725
225784
135085
249671
468591
154977
430388
323466
368599
112587
78832
394745
469012
231117
283108
409544
226175
116199
490027
255107
244967
158177
268841
196529
495191
483304
82658
387047
418998
77406
316366
33369
303190
472099
283040
271780
127075
234074
115892
16320
367308
194724
431712
336319
446488
214819
266509
172662
331019
277182
427770
96632
435359
196610
313808
451197
200560
396466
338243
140204
473872
175255
173573
277061
147353
477260
69487
295075
231981
206026
311395
99288
400751
263753
456255
367885
478573
222763
40547
330238
499946
488964
447517
455951
206220
261325
407147
406781
178437
266036
46984
152309
441292
241205
450017
88644
239111
40151
404367
491739
246177
215761
91027
167574
479515
67928
35459
478734
290691
96653
329618
311283
106263
277134
287881
312483
38458
215674
239910
237543
481711
307542
410499
443649
69393
360515
52939
329151
421313
457306
320890
188137
173067
411917
355711
173228
491
411817
172608
311829
29116
2225
143759
135379
279359
431640
468510
338465
167960
208419
76007
149670
36607
486506
93318
106000
367667
146258
435152
309627
103563
256041
497764
297277
188604
374121
491152
189095
306585
163759
923
335701
165984
144682
491728
465991
96968
460237
304455
264929
189302
401109
435246
225910
408261
49211
331910
275927
216116
287708
85553
319679
43748
103963
137603
232352
498732
149401
442094
305316
313161
463665
161663
499792
128993
153390
465782
225962
134273
290883
11537
323576
212638
446783
70132
120898
16640
402042
417473
232756
189750
23672
73082
254145
127636
210685
7144
126367
360086
449238
452330
193893
433549
113992
214332
62542
267383
180113
309151
401656
491644
320688
245878
224928
288117
316010
345827
304758
238699
263299
37513
449096
286971
110595
203240
435254
341927
231031
82267
222660
200916
34596
437200
134464
169236
151531
197006
436619
352292
6156
358921
343935
347491
125446
68862
135608
441456
435336
461013
200801
219281
19172
149896
6252
129768
353137
462153
492342
84167
65067
235648
285083
120310
172848
440195
289546
324379
137200
226164
176670
164004
105732
20604
11494
231178
110114
167749
193280
66096
128761
394082
285378
168581
43977
312277
318996
417761
274429
311337
22575
339496
46985
328305
480454
219833
289146
269999
44211
426347
16810
220882
110997
122542
262133
143138
374367
392894
310888
88293
458991
460296
482375
244368
128876
46999
77291
447872
485407
351720
279856
28628
211863
326841
377581
192316
67320
166726
462315
132178
113719
499772
353060
224716
122313
135840
367855
17326
49380
178742
126267
8370
159684
108641
273385
309208
176287
350676
257079
182341
223043
57581
210969
455553
384422
88549
168515
472389
275923
151476
104567
389642
151248
478274
114358
294208
114113
482213
332182
163494
181601
458449
192511
361932
87736
486544
171139
264024
357866
448866
467012
101555
6446
177980
57107
411516
287177
225622
383904
83746
377099
488471
473388
48993
487392
87745
343201
101504
90604
175382
285645
292852
133830
498804
154784
221567
5993
346570
6237
363859
295435
473249
465415
322529
171875
43168
234044
479699
289438
138594
63444
187183
127065
36832
236176
135103
145224
79376
236607
256476
275406
42899
49327
429883
62349
204111
172096
68342
71328
178333
452848
366763
172228
438909
189291
364751
482078
443982
344449
271515
82576
428541
458698
230288
486020
215520
365391
151890
315543
122644
408366
90948
165543
457694
20831
248539
182451
213574
337528
253779
391908
311023
120542
84782
249931
330480
449533
252655
274462
314629
44816
357038
243169
3513
87325
249835
219033
473363
401725
55223
96006
310091
146171
282197
288431
187649
30735
470882
401224
388911
224661
313778
199933
365850
398560
449864
216976
368740
202519
491438
183368
247335
369122
447184
271496
477094
197018
11175
450456
119389
66398
46462
450127
233217
328659
238557
441513
380041
230086
363383
268951
475394
177160
468884
361890
96367
439395
78865
465107
141913
90950
148474
409895
480719
116304
202037
457813
313322
213213
428915
453358
300258
496024
403485
54121
345329
162688
495635
225370
413421
359017
14967
388814
56824
4498
250703
153191
443893
350216
118297
106452
441166
287418
36993
442531
403722
239031
420990
237690
472891
349905
211694
293795
366575
135825
347917
211904
298514
343551
457921
211934
223214
472888
121395
280038
477386
372098
433229
421278
242960
72172
48376
184125
380237
85370
147303
304605
324401
68292
42294
317938
438844
274636
111732
305419
410461
459649
17322
229621
323846
475243
441556
47060
468777
83597
327098
446163
455695
280974
388087
198655
373793
436464
403427
254030
42480
50729
58634
366881
139669
121576
205465
78512
396212
317197
383931
327319
276846
401253
56940
100691
397142
19142
168398
365919
102739
495497
332728
58433
297117
220814
277735
170909
177924
201809
445586
241051
273185
24867
128578
412854
167090
334043
491367
83948
151240
395944
411267
428086
317844
468207
49423
214985
487349
217822
80903
90087
233965
413631
169168
31081
155092
467550
222637
353663
169358
188870
94714
442544
213737
223292
376044
380827
57335
388057
464775
229222
284001
376041
177954
101844
364895
227377
316829
372890
465846
418380
462978
220457
352657
152792
272185
28395
120341
494823
382059
289700
183692
497420
252890
418076
220711
128933
298902
298693
16990
284323
27914
321638
181010
205868
423482
66551
453893
260957
439442
440385
179336
402419
160842
31993
75857
433027
81035
196198
448496
463094
6544
152834
481160
259434
70909
222518
409015
390458
21210
426005
195427
69772
268289
376438
296287
191770
463636
250179
452727
403077
190564
152710
326142
351406
205350
401999
305079
286385
98197
253575
270126
104741
406409
251285
384823
497966
473803
293837
388423
15660
240488
83850
85432
8776
480935
381719
200546
444570
152545
173919
368294
363756
326629
194435
235808
31978
96434
40886
318364
194631
315108
88489
320019
221517
339774
204841
240129
334224
498678
128551
349884
259812
233048
435316
268588
234629
337681
489781
199846
490226
163700
68139
353981
490329
262574
89788
42954
359008
151322
381965
74285
466430
470454
414952
208593
330874
119792
448722
185744
139117
97920
35627
398929
351615
491590
167517
106891
329271
157297
306737
340143
341644
374876
214771
352620
158096
325206
395574
37751
476528
277538
132683
442958
268638
47634
172197
120158
167427
120919
305903
327191
239486
341530
226119
91100
333120
414283
197991
183037
92227
25374
23179
433871
420897
237950
307137
78993
63156
202710
116744
60330
480248
249427
3287
269532
317709
196132
389691
5782
317051
216240
332973
77183
57769
79738
168283
411536
14668
386922
94572
106895
432943
138399
61412
353840
376349
368550
432833
460152
91906
70223
20482
92801
340297
44416
362333
158005
240548
272670
163787
78245
488910
496760
155428
46679
76498
344359
478862
111813
251927
94081
218708
184869
232480
300767
38708
108828
189963
471541
89627
281870
62410
130756
374671
402708
175172
257650
60712
415721
30320
224500
14612
19229
221259
170041
86555
318404
14399
86064
430217
286973
180145
169571
471842
412625
490986
10550
42099
180948
2737
131726
483465
65148
262482
378782
488503
458302
136432
49214
374022
187399
273714
409281
206628
15620
79321
313831
354671
114367
399895
305535
401340
80039
475106
393829
13310
486738
425026
55409
167686
427763
207783
171797
13557
490912
50579
22706
449213
187011
71921
343881
374410
366282
253162
101684
402549
353130
436162
257220
467498
356703
62754
389484
457389
58506
283312
470699
45244
208337
26108
233577
156747
254538
405374
190951
245449
455953
213658
194662
163610
306226
59189
58666
172507
312351
180998
75056
165481
117159
352923
153625
473863
436324
43108
431251
15476
347068
422597
60720
76051
469352
314944
232798
223889
240965
444397
489985
217564
158054
184646
381175
464280
264483
460488
157433
97480
141485
253136
262961
279292
106058
437233
273801
42381
988
225698
57858
368703
148294
139225
444754
117645
474817
198199
341534
215781
142595
331519
433345
321296
36811
335166
306222
321941
316301
463655
419422
457786
216791
203029
257724
343496
140262
31524
385878
161897
257223
464383
30599
426164
124254
475353
43809
99070
194198
405990
335498
336793
258155
268843
178735
315614
124655
484957
137554
440956
448612
56975
419389
186049
280652
177112
29544
420914
229284
436069
103457
7153
400451
134056
433317
45352
130055
497773
144422
324254
403763
567
161046
182564
269410
360429
498178
414712
345385
156379
376315
314643
234001
295703
21338
14652
493462
50883
456213
243392
486952
59669
250545
408050
214372
204509
474049
344428
202281
139117
168681
126690
139684
350374
309255
429741
210802
328079
344453
76834
484458
220767
391477
239106
37116
412816
253758
51224
484346
230618
294617
491944
310934
65808
420640
25306
270317
394688
369734
472599
33805
38414
99288
173489
409435
429190
103230
120237
257269
447683
197071
241726
189096
109194
480832
226212
22009
255237
298083
27001
485855
92699
18945
296788
158508
439585
342741
449472
334273
212474
422070
368078
271535
42005
62213
180970
471195
165443
321854
228463
133772
39571
490837
322868
148765
492315
69726
191422
247551
367810
218423
254052
481156
258015
71487
139663
197600
414228
89135
31872
126702
31851
420597
418884
94503
482810
120500
86345
168900
463001
314808
302672
2571
326291
146187
171984
318606
236560
384053
86803
125016
123122
361503
106172
381138
432990
266482
99384
367864
376264
131256
15212
408116
72499
434097
23265
75955
75243
109610
244855
38244
445066
68174
40815
271356
214361
233446
110608
471568
117498
218059
96584
261268
79561
202756
142405
33197
469238
241789
401061
345502
393692
416274
274264
486838
371017
297529
62792
446260
427787
328295
484504
372852
396469
45966
144207
131476
279412
275463
103043
417558
493522
199627
178825
93729
423030
341877
126926
412915
104312
48633
279063
18650
485554
53326
26134
356570
371502
109573
323477
319935
437868
328627
192786
354983
374593
357641
7105
174652
133103
110149
92209
147271
330423
291681
241000
253453
154204
388573
166367
279163
437206
445430
318460
422760
19402
344594
299976
411551
474814
123452
231486
433329
452080
424272
288311
347319
302559
295417
21970
435662
426213
134826
82932
256635
447154
344579
30734
122004
233151
217748
421814
191004
183824
240273
113763
223873
105513
434386
135424
80327
78485
387557
13655
51211
332475
322613
398530
135034
138676
441148
91342
64888
75973
194922
342171
43774
39500
372905
165778
293299
111300
87592
484303
295124
348512
118712
18997
454026
53097
175068
54999
131582
62624
89301
203440
415746
411914
101970
50779
50590
43117
142122
136125
139737
337044
478296
204158
397191
371848
369937
190489
483148
478176
174791
298918
326687
314150
317915
301359
367248
13629
377005
19476
96900
466306
222917
12646
398867
345534
84072
470104
409298
246841
106228
49034
104531
84524
253193
1722
456372
143776
192211
460166
142598
387650
259083
469285
222446
97645
291291
110340
111274
168295
129817
208175
155248
373381
220821
54114
239561
325540
44864
148858
72381
151092
218539
176912
235616
471732
178634
212634
136154
391493
172799
278752
299789
452530
268684
22234
50174
59974
132575
161448
248916
283039
390270
424811
177066
131737
499572
416627
457278
44435
65484
29658
195528
284023
227217
451791
276402
405852
185072
433203
317991
378518
211955
138426
331047
1285
160660
401868
81906
313882
63316
351469
117567
474233
276280
315280
105970
296498
231906
63247
340934
318037
113552
57108
122707
340769
29545
399109
267267
214617
332311
85257
93135
64912
244330
444829
66197
425638
346697
148103
239519
430660
499573
377734
404892
296499
193013
31508
92996
445567
94755
454577
284250
228954
11684
406957
90370
61877
326712
357637
276494
179670
463542
390276
244582
207871
335105
331427
133508
181801
176
393675
112460
20395
292055
37998
316894
5714
69507
409891
471928
184909
385114
256178
434511
417446
163134
24880
479323
489847
403164
255816
169516
366705
146092
434745
95223
1843
286818
249378
183644
286995
143052
316751
307390
455754
375396
124284
461469
444903
54821
433396
150459
439935
189573
84969
378027
373355
130496
357349
363201
33659
133812
53363
421012
300551
8754
16234
302394
295573
265612
6684
82567
429312
344082
389957
405712
219477
34887
367180
185027
89708
321223
356133
50290
31442
441102
448964
404797
71597
306313
288644
125903
440125
362654
46914
261322
371409
83795
63715
166981
349408
91046
270195
299366
435128
160151
205077
175251
215686
92904
360278
305394
414127
237057
376331
466216
178158
325295
371013
270402
152254
180303
416953
113025
42957
463867
374347
414366
47662
458709
101993
417717
49754
372188
237729
5528
32338
442806
180779
248024
56356
61704
74065
491130
298761
471043
457346
497567
316984
328358
288615
469238
8660
205567
102909
72264
169434
477256
486630
237743
456611
88622
155459
6364
460810
393188
32539
13795
356640
213319
282466
412997
295670
377178
424773
94430
348221
382118
112643
185851
231122
401259
175736
260430
127472
278645
332694
296906
276548
319324
55295
233158
428593
210754
260170
410050
124588
292709
423845
1875
26674
226957
435519
322344
104135
360291
437422
473003
242409
50064
158853
473531
471970
334589
233960
99442
133881
87301
416995
410429
406625
472291
164233
355864
203691
424403
265913
348927
237759
210404
350802
264433
437362
306967
107424
41496
167257
44845
14498
430313
115556
173351
424491
87526
28587
179097
186968
162468
266398
124609
93543
193669
96899
257776
49533
321238
202826
336093
170164
440585
46497
41612
225664
483859
348579
333088
46001
15835
377933
60499
466796
493490
254497
391286
101662
303731
70382
309277
466199
336781
433886
80388
30449
51432
358812
100629
372670
61637
436723
63480
2221
483220
105092
227885
467078
474318
60973
13078
490153
459553
94224
477595
453042
369368
368880
54703
173099
439263
384627
159944
276043
318513
240333
327139
369945
99144
427769
263261
181428
364491
326741
204296
347710
452480
432181
335434
426797
13800
369159
437596
494001
484030
415191
467689
353397
284070
43039
26495
243979
427666
186440
40668
246178
447420
367808
136769
67210
316223
400030
248638
180713
226770
452934
49069
199896
405761
405150
126692
440209
294955
84935
434209
299631
125
401897
153027
304842
444936
200170
48821
372602
407257
89489
139426
375323
477944
276196
442533
294166
176225
191170
495526
423643
164750
65241
123538
70510
491038
270878
10718
306639
355813
465574
106269
376585
367471
259297
181426
333053
480114
230247
226301
408017
340384
365728
283339
318327
162570
225871
112493
359442
437688
128665
283084
102437
193907
427270
193594
184944
218794
204313
12230
95253
190533
118499
471838
78650
398443
153263
411704
378556
404158
158651
286572
244541
45025
69910
62867
207595
316428
196007
67037
254115
324673
370768
377199
39226
318684
70793
244817
37477
295753
257047
132730
486286
375547
104567
85583
273989
278478
17933
173192
182635
176584
480411
427176
221610
70968
10689
449852
387396
206697
37535
162158
31369
408304
60003
91242
247634
151443
336059
285112
447196
93106
438489
454129
468653
63703
39711
263288
362828
57644
436480
45462
254875
437538
493285
497132
8505
3973
446984
416548
210670
5165
78705
262686
434116
159356
353928
181750
310799
189987
487509
257995
303740
446644
232770
293039
10346
272481
56326
373174
350772
13453
439283
105646
450991
432567
102778
480143
457188
70408
396690
167857
75573
475396
430544
9689
155398
305118
191439
466197
15751
199594
224191
319491
146237
477608
112529
156584
270735
189503
50404
121506
202956
10334
247800
174593
463548
371225
154735
420735
441633
51424
88592
37852
47466
39782
68188
202864
365547
280274
189708
381299
479868
413899
200789
126105
412154
333966
303336
182888
23468
374387
304395
247071
384721
72841
421664
348269
444066
97045
269003
406345
169116
378242
444197
237230
438671
12385
440094
304218
292659
129801
185516
293174
64347
406952
419279
497148
240917
243261
180035
264385
117647
5076
11455
2368
77917
453766
371284
42629
50810
160933
448974
240574
39175
413818
477804
498493
426203
438544
302710
239508
88992
488226
53328
173986
415825
472607
171133
156741
215867
351168
421127
354162
356245
453229
377177
454809
406995
248460
497439
478452
409393
467059
219025
469215
380876
217475
467708
327725
156019
291064
87880
245011
279290
141208
418997
215761
134462
90129
372502
370976
461944
314275
225137
338835
267504
102313
293644
195145
350773
311729
194243
280813
278787
413269
270674
180310
130743
259028
8034
307409
50092
95914
52419
350029
257770
492063
65789
392232
82191
438291
263207
44135
252566
8991
403617
40716
111304
217907
235861
482725
29635
430104
284184
329070
364019
75504
9379
15409
334533
38060
322818
384625
154622
395885
255300
412392
387947
321089
325270
490786
280026
109123
55567
32591
118114
459184
93954
250066
177091
350462
232790
227373
301213
37620
77089
165231
113124
86468
201287
447657
145176
44752
352928
299798
461284
108227
232836
349230
449963
58105
360662
229989
167228
416229
283227
305990
396060
377182
56055
93797
227643
309492
321170
28855
347112
398260
214734
480883
5374
416021
449187
171197
481420
302114
470995
442703
430989
224477
312580
380951
303229
173241
110939
491105
110117
414814
297094
6176
291995
373796
120620
40284
183287
441790
69140
51045
360696
304521
31927
386718
220541
481114
57914
222608
303875
49556
165310
255510
294680
477890
157107
97909
171778
288694
89013
281895
203507
386107
308718
495502
259902
429338
56432
463836
391774
125572
14880
273117
430093
67454
159834
171281
69215
238395
414536
373090
308598
79845
149246
103278
78382
306353
201187
250160
115693
310847
52701
319200
196953
382066
335348
477502
332050
391781
441337
223823
37999
476864
496940
488740
44317
177420
180667
113532
436463
95202
7268
245060
175047
177161
348338
274076
4161
70171
44882
119854
381018
118230
459702
98617
295
315696
96765
332345
228123
38101
76815
266123
35611
94401
275509
79929
271822
456176
214108
208284
51377
221377
473991
247071
419185
342976
41794
423346
413147
86676
43200
314812
204907
2901
413429
225849
339244
10194
78841
67367
68942
155656
333490
125201
250057
129645
225777
42525
85820
439885
271456
137197
181908
245447
404915
101093
88422
446709
24438
22215
33385
88285
337027
258939
111833
271103
5434
451078
301944
84275
18444
391533
239931
372581
16733
489989
2225
242510
53160
88045
203042
324617
245889
405597
70063
171450
27336
179132
118159
51775
201347
172191
160707
59021
431130
272541
350771
436564
223618
152714
20839
262709
44246
281417
135289
81627
292052
158161
344784
345213
266853
68472
169829
33388
474070
260539
204838
1405
460318
322997
73827
182311
495188
234535
241332
446964
7075
92102
404175
251340
265463
445661
14048
330357
227077
169984
411984
19129
348792
277414
384989
136291
345887
75464
169679
340603
336003
395164
362655
316967
218161
436483
499278
233995
191664
261257
201606
219386
353359
105780
470726
139469
51440
5420
469826
299164
196051
402456
318293
65489
179869
223928
201780
46402
299392
392106
387005
156041
287269
270307
473008
5429
206789
472286
260072
398453
254189
461678
138485
128194
88104
109210
267663
139544
135277
237488
438708
351975
160590
277648
417464
361107
1575
119243
407509
300968
11348
315161
477656
298617
85467
450664
324694
312903
443596
105412
232002
197784
87736
370487
325978
175840
343
114288
336031
135620
372423
295385
487595
33013
73032
405058
394120
95255
44947
301628
416870
76942
137435
394525
396206
243549
345188
241546
56451
309430
346958
288453
27860
455341
179586
353839
131180
179929
488774
487858
315549
361196
283243
323790
394209
376922
249494
288328
472177
315088
110603
409693
392030
268685
304218
288236
12234
170052
50428
68685
479483
418034
377786
7342
373374
57371
381828
25201
237301
370601
13058
73496
231797
316948
417934
146652
193870
167427
455628
186693
3162
86877
96386
395192
355562
400604
204074
367796
91302
254503
457129
91431
193183
355561
98774
66556
412932
1248
112404
170879
392497
125463
265023
144940
442411
203603
291592
156927
391677
267866
343621
394839
354743
440007
290031
210305
361257
14751
98747
452559
269254
55875
64637
462437
411436
163411
49640
345015
185306
162044
36540
77802
308154
301563
243389
250565
25812
34981
428139
417490
302847
271759
312328
178237
232412
102358
388542
93668
117110
7935
66874
407011
63811
131511
390095
495894
315569
460382
361555
21521
122425
398096
99324
451227
220305
342713
222438
246118
398341
150576
163607
221835
422336
475935
400072
154747
98940
309260
269063
236697
317195
356584
164354
401653
488095
75095
418194
324310
35476
279748
345831
178549
198490
465802
129775
439443
329162
352213
185560
227502
2788
369814
469984
445771
366395
390702
121165
465335
199961
390228
222678
37803
246811
387033
439456
255552
482775
378296
79861
18251
158044
425692
217447
377181
391494
347222
316623
220655
220081
2182
468804
243516
392643
438788
189287
259038
350136
310452
245019
50097
221326
488345
108547
468137
396024
68649
244335
378798
446946
324196
397049
125636
270534
114495
2816
162027
482364
319440
403329
202444
342269
372133
445961
234912
331567
155894
14596
202349
466346
280262
252446
208318
268606
381640
197101
164629
450290
441436
43427
417882
265631
461123
43517
56811
75618
46333
239486
78628
386420
142814
301720
228689
35593
268327
484248
387807
424221
498844
90156
411213
279105
363249
119530
47711
244889
316631
212340
215825
278713
255767
133706
64990
237537
177223
121801
333802
244203
361287
412430
130623
24748
214149
359312
60341
3122
343559
468796
427343
363049
58951
359202
142153
442847
478732
210511
208382
316009
443499
424207
115368
199265
78559
180358
457449
276429
322807
291250
20632
184093
203680
171902
229488
438476
31213
289830
441599
395419
279272
389588
258467
358870
248790
421267
301716
248168
152425
10098
84824
95923
454952
200192
315835
33511
401198
273284
309940
224004
64533
351219
428744
268213
23120
158232
227336
74980
468709
168934
491046
247980
58521
249512
106849
327958
191426
429212
76126
343851
439310
160950
439774
414909
361142
255608
469067
262339
49538
279006
6989
114072
150872
435734
382285
173992
93965
130267
269620
62673
299201
260665
310653
378370
30824
438149
206327
242897
367360
303100
86747
327317
464050
47167
242225
345839
323422
211291
128824
372961
10943
135814
7679
161815
71547
389964
356455
165512
20231
146721
248832
340079
407386
59484
239095
438210
18279
466070
181106
385639
269169
288500
212955
253866
356314
475827
99704
200383
187117
228528
93990
218708
384989
101669
401170
456536
12279
278271
142694
53157
424992
391526
393237
332378
471657
152978
291234
489936
119047
492988
396222
388217
302134
129823
142082
179095
105650
262433
379478
313414
11607
473468
32121
396597
95783
433292
373779
108062
211562
16473
161220
157201
428646
75103
10225
400303
228081
322106
410885
347129
315093
327753
255992
137874
457577
398074
337616
63226
181153
217093
397287
192760
211207
429409
89356
327637
383347
463136
435699
115555
255
96918
272756
449548
172021
282981
349850
420750
105087
281382
267878
440827
129781
23869
99347
87357
442590
436963
171230
144389
154055
68517
337149
385909
18572
447153
213545
401919
430935
169891
17473
431190
266809
290230
380737
459478
93857
251234
400874
198944
53262
168751
160418
183043
213267
259765
291048
176503
196728
462278
320892
371430
51441
178687
257339
70013
125839
491531
492579
77420
161421
10052
29256
448878
320929
430641
429002
414786
202521
350522
134377
276430
39919
294795
459473
253186
54559
271167
450336
271934
254092
291874
143364
305533
491208
421350
396194
137694
433527
388772
215114
115595
419471
244371
85119
240399
195658
14120
175832
398179
364642
330856
174608
425208
146297
154727
199040
200856
425895
149375
493438
200633
461896
136801
6165
453103
78797
402359
111443
12323
311778
326558
127918
231248
91575
213037
492295
287233
247804
168126
206058
133092
19628
380666
58299
165925
56039
257339
387428
2580
427361
380865
203213
389256
17665
209379
363006
117109
132384
474449
129433
444162
321653
257351
196057
433875
491036
188351
221107
238839
377124
447812
371932
396752
328477
430231
62676
405164
208217
450104
407744
135577
330969
110957
24833
369281
340983
408486
486391
494014
403581
136470
458823
225234
393821
154879
159108
384856
343230
400863
123695
220353
348674
16273
137751
197798
467151
200427
102961
175367
150530
31351
310945
2145
142308
356425
392074
3937
285557
399111
497952
189137
35580
456774
414371
429401
111652
94126
334904
475529
15635
479246
216528
364309
495519
354279
82753
483316
54705
206361
158683
225882
237713
490275
248675
380021
346699
140748
383959
132255
39858
381910
342039
75438
359330
277057
25485
491629
371183
360389
467157
386818
360281
204331
271773
376446
58609
354527
359762
133961
60887
18444
380490
298600
29365
129164
199268
376064
269912
103873
28965
330417
6429
371004
405855
365759
148060
451988
357387
39889
333023
345190
447354
193304
49520
219127
69749
128776
94300
429511
262737
175834
468602
143226
474435
497967
293038
194349
394677
62949
318869
444289
414014
325298
335940
340515
211703
4646
292502
89736
44536
125525
434926
491890
339476
5092
231663
409225
133868
325963
359383
417252
1797
348631
81124
496879
367245
374162
191227
261921
457759
30742
226857
371772
356040
62796
212286
67742
67442
25435
157478
111978
150960
113050
124515
11082
118142
356178
420307
272657
202788
300336
189908
204585
148967
271032
201463
16211
165841
413337
298779
123599
444079
25635
16017
320765
88431
248950
409154
176521
274385
66631
309146
445992
200328
433661
457074
318470
310486
377381
111773
13273
198363
322328
238505
347330
114006
460615
384188
279847
394598
203614
424093
359323
229249
440110
180087
338328
189060
89240
35495
463445
176518
344641
409437
376846
298949
366510
215962
109434
264537
327735
143354
483548
170709
381859
351524
284715
342473
235712
64562
237070
459973
488655
96392
189221
428765
276479
48195
138471
386366
83690
101915
62883
428332
31998
460376
227280
419156
196984
357361
204339
45365
714
187886
216074
382573
39410
788
245692
295769
65350
482762
255741
74652
79153
465609
24063
376279
34451
162534
283291
118141
285096
366821
67119
337742
347843
315046
277544
44826
193053
481883
90191
193767
190416
306265
96986
250473
327700
342678
46241
393051
346086
322629
488350
445886
308884
33059
322164
343335
195593
126101
482124
1335
492922
49242
339077
340764
384936
116620
406237
77988
119150
496428
292403
309566
323339
389389
80685
151039
252714
147573
64736
98799
470202
53085
44685
299732
86144
387496
143067
302384
13597
125190
324366
27165
195079
163443
388577
80014
300710
294813
178650
440507
311888
471053
270719
135226
381088
351404
286265
133801
498977
351001
253248
489825
424733
297933
289557
31523
206075
453271
333907
219672
78460
158273
267485
273539
342363
176708
374201
163719
492168
52850
104226
304055
23902
395592
459929
425637
267643
246193
59438
287266
117841
312686
277091
42573
131265
87294
74097
337340
40564
428651
77659
139671
107570
365791
433857
449933
42498
308057
134299
55312
360907
259172
359368
405456
154763
319296
351740
422406
86135
411178
230319
224623
244510
28056
267197
396422
115350
361941
233761
176561
311238
332067
336879
418809
197857
270735
389388
261002
78792
23686
316315
460346
282858
196329
386449
458269
36271
238188
401321
122406
170012
131639
347030
435169
159695
134873
331590
295692
17460
85997
492900
349345
438712
329778
268153
136568
100513
178188
418218
199952
201874
255179
160297
5379
451508
67392
484295
487779
305580
385615
130831
496239
37901
498508
431407
197596
154027
283643
13935
192134
369641
6834
41479
328999
336613

